#sizes
ns            0 nt           24 no      1
#camera
0 20 40 -40 0 0 0 0 1 0 20 0.1 40
#front
2 4 -4 -4 4 4 -4 4 -4 4 L 0 0 0
2 4 4 4 4 4 -4 4 -4 4 L 1 0 0
#right
2 4 4 -4 -4 4 -4 4 -4 -4 M 0.6078 0.6078 0.6078 0.0
2 -4 -4 -4 -4 4 -4 4 -4 -4 M 0.6078 0.6078 0.6078 0.0
#top
2 4 4 -4 -4 4 -4 4 4 4 L 0 0 0
2 -4 4 4 -4 4 -4 4 4 4 L 1 0 0
#back
2 -4 -4 4 -4 4 -4 -4 4 4 L 1 0 0
2 -4 -4 4 -4 4 -4 -4 -4 -4 L 0 0 0
#left
2 4 4 4 -4 -4 4 -4 4 4 L 1 0 0
2 4 4 4 -4 -4 4 4 -4 4 L 0 0 0
#bottom
2 -4 -4 -4 4 -4 4 -4 -4 4 L 1 0 0
2 -4 -4 -4 4 -4 4 4 -4 -4 L 0 0 0

#front
2 2 -2 -10 2 2 -10 2 -2 -6 L 1 0 0
2 2 2 -6 2 2 -10 2 -2 -6 L 1 0 0
#right
2 2 2 -10 -2 2 -10 2 -2 -10 L 0 1 0
2 -2 -2 -10 -2 2 -10 2 -2 -10 L 0 1 0
#top
2 2 2 -10 -2 2 -10 2 2 -6 L 0 0 1
2 -2 2 -6 -2 2 -10 2 2 -6 L 0 0 1
#back		
2 -2 -2 -6 -2 2 -10 -2 2 -6 L 1 1 0
2 -2 -2 -6 -2 2 -10 -2 -2 -10 L 1 1 0
#left
2 2 2 -6 -2 -2 -6 -2 2 -6 L 1 0 1
2 2 2 -6 -2 -2 -6 2 -2 -6 L 1 0 1
#bottom
2 -2 -2 -10 2 -2 -6 -2 -2 -6 L 1 0.5 1
2 -2 -2 -10 2 -2 -6 2 -2 -10 L 1 0.5 1

3 0 cube 1 2 3
