#sizes
ns            0 nt           12 no      3
#camera
0 60 10 20 0 0 0 0 1 0 20 0.1 40

#front
2 2 -2 -11 2 2 -11 2 2 -7 L 1 0 0
2 2 -2 -11 2 2 -7 2 -2 -7 L 1 0 0
#right
2 -2 -2 -11 -2 2 -11 2 2 -11 L 0 1 0
2 -2 -2 -11 2 2 -11 2 -2 -11 L 0 1 0
#top
2 2 2 -11 -2 2 -11 -2 2 -7 L 0 0 1
2 2 2 -11 -2 2 -7 2 2 -7 L 0 0 1
#back
2 -2 -2 -7 -2 2 -7 -2 2 -11 L 1 1 0
2 -2 -2 -7 -2 2 -11 -2 -2 -11 L 1 1 0
#left
2 2 -2 -7 2 2 -7 -2 2 -7 L 1 0 1
2 2 -2 -7 -2 2 -7 -2 -2 -7 L 1 0 1
#bottom
2 -2 -2 -11 2 -2 -11 2 -2 -7 L 1 0.5 1
2 -2 -2 -11 2 -2 -7 -2 -2 -7 L 1 0.5 1

3 1 cube t center t -17 0 0 r -90 0 0 1
3 0 deer s u 0.025 t center
#3 0 Men t center r 90 0 1 0 t 0 0 20
#3 0 Men t center r 90 0 1 0
3 0 untitled m L 1 0 0 t center s u 2 t -5 2.5 0
